kinematics:
  shoulder:
    x: 0
    y: 0
    z: 0.1520161153934504
    roll: -0
    pitch: 0
    yaw: -2.037735540039633e-06
  upper_arm:
    x: -5.832354468465053e-05
    y: 0
    z: 0
    roll: 1.570560315559966
    pitch: 0
    yaw: -1.355112245074964e-05
  forearm:
    x: -0.2439072228461659
    y: 0
    z: 0
    roll: 3.135078686839113
    pitch: 3.140891956236808
    yaw: -3.141505384999463
  wrist_1:
    x: -0.2133086725243069
    y: 0.0007677007926773799
    z: 0.1124443822524149
    roll: 3.13476537730159
    pitch: 3.141406342646752
    yaw: 3.141546938261455
  wrist_2:
    x: -2.563066991594984e-05
    y: -0.08526931981517519
    z: -6.7281864474755e-05
    roll: 1.571585377893901
    pitch: 0
    yaw: 8.523712446351821e-05
  wrist_3:
    x: -2.548547551343215e-05
    y: 0.08249228995358177
    z: -3.813520240353206e-05
    roll: 1.570334038747027
    pitch: 3.141592653589793
    yaw: -3.141578595907829
  hash: calib_467876455280483568